{
  "n": 10,
  "matrix": [
    [0, 93, 40, 49, 9, 3, 40, 18, 54, 87],
    [93, 0, 21, 59, 9, 22, 77, 43, 14, 3],
    [40, 21, 0, 96, 97, 84, 75, 52, 39, 31],
    [49, 59, 96, 0, 96, 68, 85, 7, 77, 82],
    [9, 9, 97, 96, 0, 70, 59, 71, 11, 19],
    [3, 22, 84, 68, 70, 0, 60, 53, 44, 6],
    [40, 77, 75, 85, 59, 60, 0, 3, 92, 5],
    [18, 43, 52, 7, 71, 53, 3, 0, 51, 27],
    [54, 14, 39, 77, 11, 44, 92, 51, 0, 50],
    [87, 3, 31, 82, 19, 6, 5, 27, 50, 0]
  ]
}