{
  "n": 12,
  "matrix": [
    [0, 71, 67, 42, 16, 27, 1, 10, 21, 60, 19, 76],
    [71, 0, 27, 43, 80, 37, 89, 68, 7, 44, 80, 74],
    [67, 27, 0, 99, 25, 63, 94, 93, 37, 2, 11, 44],
    [42, 43, 99, 0, 64, 3, 13, 27, 76, 29, 44, 51],
    [16, 80, 25, 64, 0, 90, 52, 36, 73, 59, 19, 92],
    [27, 37, 63, 3, 90, 0, 31, 70, 22, 47, 19, 80],
    [1, 89, 94, 13, 52, 31, 0, 72, 10, 49, 43, 22],
    [10, 68, 93, 27, 36, 70, 72, 0, 97, 65, 55, 63],
    [21, 7, 37, 76, 73, 22, 10, 97, 0, 17, 21, 26],
    [60, 44, 2, 29, 59, 47, 49, 65, 17, 0, 48, 29],
    [19, 80, 11, 44, 19, 19, 43, 55, 21, 48, 0, 56],
    [76, 74, 44, 51, 92, 80, 22, 63, 26, 29, 56, 0]
  ]
}