{
  "n": 16,
  "matrix": [
    [0, 68, 96, 81, 40, 29, 17, 83, 94, 19, 33, 59, 16, 8, 14, 9],
    [68, 0, 56, 88, 29, 23, 64, 28, 24, 51, 20, 42, 79, 40, 29, 72],
    [96, 56, 0, 71, 95, 55, 67, 28, 74, 18, 31, 59, 5, 77, 66, 44],
    [81, 88, 71, 0, 30, 16, 75, 18, 35, 90, 20, 8, 25, 99, 48, 25],
    [40, 29, 95, 30, 0, 26, 96, 96, 20, 70, 24, 1, 79, 86, 53, 12],
    [29, 23, 55, 16, 26, 0, 15, 18, 20, 7, 68, 33, 32, 35, 82, 25],
    [17, 64, 67, 75, 96, 15, 0, 11, 41, 43, 46, 22, 84, 88, 86, 2],
    [83, 28, 28, 18, 96, 18, 11, 0, 98, 90, 91, 41, 70, 25, 33, 70],
    [94, 24, 74, 35, 20, 20, 41, 98, 0, 90, 75, 37, 53, 93, 47, 61],
    [19, 51, 18, 90, 70, 7, 43, 90, 90, 0, 27, 45, 56, 1, 40, 21],
    [33, 20, 31, 20, 24, 68, 46, 91, 75, 27, 0, 12, 91, 2, 75, 35],
    [59, 42, 59, 8, 1, 33, 22, 41, 37, 45, 12, 0, 64, 60, 41, 81],
    [16, 79, 5, 25, 79, 32, 84, 70, 53, 56, 91, 64, 0, 15, 82, 67],
    [8, 40, 77, 99, 86, 35, 88, 25, 93, 1, 2, 60, 15, 0, 36, 46],
    [14, 29, 66, 48, 53, 82, 86, 33, 47, 40, 75, 41, 82, 36, 0, 63],
    [9, 72, 44, 25, 12, 25, 2, 70, 61, 21, 35, 81, 67, 46, 63, 0]
  ]
}