{
  "n": 18,
  "matrix": [
    [0, 96, 83, 70, 25, 66, 23, 90, 8, 13, 99, 26, 56, 83, 82, 42, 87, 61],
    [96, 0, 6, 90, 97, 41, 87, 2, 22, 10, 55, 96, 89, 38, 72, 74, 99, 39],
    [83, 6, 0, 65, 81, 65, 59, 86, 65, 50, 94, 82, 58, 4, 48, 56, 6, 12],
    [70, 90, 65, 0, 89, 77, 72, 84, 62, 79, 30, 32, 33, 71, 6, 69, 56, 82],
    [25, 97, 81, 89, 0, 7, 66, 43, 79, 40, 9, 92, 58, 74, 50, 84, 93, 46],
    [66, 41, 65, 77, 7, 0, 39, 18, 62, 65, 80, 34, 4, 38, 74, 90, 21, 85],
    [23, 87, 59, 72, 66, 39, 0, 31, 48, 1, 32, 27, 90, 62, 6, 96, 34, 31],
    [90, 2, 86, 84, 43, 18, 31, 0, 36, 63, 44, 64, 61, 1, 97, 79, 36, 11],
    [8, 22, 65, 62, 79, 62, 48, 36, 0, 67, 1, 1, 73, 23, 13, 38, 81, 18],
    [13, 10, 50, 79, 40, 65, 1, 63, 67, 0, 54, 36, 67, 17, 90, 70, 15, 5],
    [99, 55, 94, 30, 9, 80, 32, 44, 1, 54, 0, 30, 42, 24, 92, 10, 68, 91],
    [26, 96, 82, 32, 92, 34, 27, 64, 1, 36, 30, 0, 49, 14, 27, 69, 76, 32],
    [56, 89, 58, 33, 58, 4, 90, 61, 73, 67, 42, 49, 0, 7, 26, 29, 64, 1],
    [83, 38, 4, 71, 74, 38, 62, 1, 23, 17, 24, 14, 7, 0, 2, 65, 71, 66],
    [82, 72, 48, 6, 50, 74, 6, 97, 13, 90, 92, 27, 26, 2, 0, 85, 37, 44],
    [42, 74, 56, 69, 84, 90, 96, 79, 38, 70, 10, 69, 29, 65, 85, 0, 85, 95],
    [87, 99, 6, 56, 93, 21, 34, 36, 81, 15, 68, 76, 64, 71, 37, 85, 0, 76],
    [61, 39, 12, 82, 46, 85, 31, 11, 18, 5, 91, 32, 1, 66, 44, 95, 76, 0]
  ]
}